{
  "checkpoint": "checkpoints/xpred_20260423_130447/ckpt_step_35000.pt",
  "num_samples": 100,
  "num_refs_per_sample": 6,
  "vector_dim": 256,
  "similarity_summary": {
    "value_cosine_offdiag_all_pairs": {
      "mean": 0.9000024199485779,
      "median": 0.9156350493431091,
      "std": 0.062247153371572495,
      "min": 0.5327976942062378,
      "max": 0.9924424886703491,
      "q1": 0.8702458739280701,
      "q3": 0.9440349340438843
    },
    "context_cosine_offdiag_all_pairs": {
      "mean": 0.8593721389770508,
      "median": 0.8855562806129456,
      "std": 0.08704300224781036,
      "min": 0.39098620414733887,
      "max": 0.9762774705886841,
      "q1": 0.8227940797805786,
      "q3": 0.9205666184425354
    },
    "raw_style_token_cosine_offdiag_all_pairs": {
      "mean": 0.9431349039077759,
      "median": 0.9531140327453613,
      "std": 0.03923007845878601,
      "min": 0.7132559418678284,
      "max": 0.9947779774665833,
      "q1": 0.9271637201309204,
      "q3": 0.9699132442474365
    }
  },
  "per_ref_dimension_mean_summary": {
    "value_mean_across_all_refs": {
      "mean": 0.011505071073770523,
      "median": 0.01325160451233387,
      "std": 0.012369571253657341,
      "min": -0.036892298609018326,
      "max": 0.036915671080350876,
      "q1": 0.004563787952065468,
      "q3": 0.020109347999095917
    },
    "context_mean_across_all_refs": {
      "mean": 0.005936985835433006,
      "median": 0.004691470880061388,
      "std": 0.021503938362002373,
      "min": -0.049691859632730484,
      "max": 0.0805550068616867,
      "q1": -0.0068364860489964485,
      "q3": 0.017276601865887642
    },
    "value_mean_iqr_outliers": {
      "q1": 0.004563787952065468,
      "q3": 0.020109347999095917,
      "iqr": 0.015545560047030449,
      "lower_fence": -0.01875455118715763,
      "upper_fence": 0.043427687138319016,
      "count": 15,
      "fraction": 0.02500000037252903
    },
    "context_mean_iqr_outliers": {
      "q1": -0.0068364860489964485,
      "q3": 0.017276601865887642,
      "iqr": 0.024113088846206665,
      "lower_fence": -0.04300611838698387,
      "upper_fence": 0.05344623327255249,
      "count": 30,
      "fraction": 0.05000000074505806
    }
  },
  "attention_summary": {
    "same_position_mass_all_refs": {
      "mean": 0.007140067405998707,
      "median": 0.006919096224009991,
      "std": 0.0010669725015759468,
      "min": 0.004891504533588886,
      "max": 0.011292526498436928,
      "q1": 0.00639540096744895,
      "q3": 0.007651257328689098
    },
    "attention_entropy_all_refs": {
      "mean": 4.20945930480957,
      "median": 4.2037458419799805,
      "std": 0.14123055338859558,
      "min": 3.7874999046325684,
      "max": 4.609382629394531,
      "q1": 4.115017414093018,
      "q3": 4.302021026611328
    }
  },
  "per_sample": [
    {
      "sample_index": 10476,
      "font": "方正字汇-快乐海涛体 简",
      "target_char": "雌",
      "style_chars": [
        "唱",
        "了",
        "笆",
        "刃",
        "节",
        "击"
      ],
      "value_cosine_offdiag": {
        "mean": 0.8811538815498352,
        "median": 0.8921208381652832,
        "std": 0.06831768900156021,
        "min": 0.7131282091140747,
        "max": 0.9565703868865967,
        "q1": 0.8565479516983032,
        "q3": 0.9327229261398315
      },
      "context_cosine_offdiag": {
        "mean": 0.8807239532470703,
        "median": 0.8870126008987427,
        "std": 0.04846959188580513,
        "min": 0.7859281301498413,
        "max": 0.9434364438056946,
        "q1": 0.8409395217895508,
        "q3": 0.9304192662239075
      },
      "raw_style_token_cosine_offdiag": {
        "mean": 0.9513865113258362,
        "median": 0.9581022262573242,
        "std": 0.03240123763680458,
        "min": 0.8724151849746704,
        "max": 0.9858472943305969,
        "q1": 0.9337508678436279,
        "q3": 0.9761771559715271
      },
      "same_position_mass": {
        "mean": 0.006511753425002098,
        "median": 0.0065577058121562,
        "std": 0.00018726887356024235,
        "min": 0.006173893343657255,
        "max": 0.006750346627086401,
        "q1": 0.006420678924769163,
        "q3": 0.0066144270822405815
      },
      "attention_entropy": {
        "mean": 4.335595607757568,
        "median": 4.285527229309082,
        "std": 0.05995911359786987,
        "min": 4.272654056549072,
        "max": 4.4256510734558105,
        "q1": 4.284409999847412,
        "q3": 4.386806488037109
      },
      "value_cosine_matrix": [
        [
          1.0000001192092896,
          0.7131282091140747,
          0.9493818879127502,
          0.8509118556976318,
          0.8358519077301025,
          0.921402096748352
        ],
        [
          0.7131282091140747,
          1.0000001192092896,
          0.7537843585014343,
          0.8736832737922668,
          0.9337949752807617,
          0.8746252059936523
        ],
        [
          0.9493818879127502,
          0.7537843585014343,
          0.9999998211860657,
          0.8921208381652832,
          0.8734561204910278,
          0.946190595626831
        ],
        [
          0.8509118556976318,
          0.8736832737922668,
          0.8921208381652832,
          1.0000001192092896,
          0.9128978252410889,
          0.9295068979263306
        ],
        [
          0.8358520269393921,
          0.9337949752807617,
          0.8734561204910278,
          0.9128979444503784,
          0.9999998211860657,
          0.9565703868865967
        ],
        [
          0.9214019775390625,
          0.8746251463890076,
          0.9461906552314758,
          0.929506778717041,
          0.9565703868865967,
          1.0000001192092896
        ]
      ],
      "context_cosine_matrix": [
        [
          1.000000238418579,
          0.8209089040756226,
          0.9118807911872864,
          0.8758971691131592,
          0.8870126008987427,
          0.9434364438056946
        ],
        [
          0.8209089040756226,
          1.0,
          0.8124019503593445,
          0.7859281301498413,
          0.8355927467346191,
          0.8569796085357666
        ],
        [
          0.9118807911872864,
          0.8124019503593445,
          0.9999999403953552,
          0.8909575939178467,
          0.9365987777709961,
          0.9418219327926636
        ],
        [
          0.8758971691131592,
          0.7859281301498413,
          0.8909575939178467,
          1.0,
          0.8773630857467651,
          0.8966453075408936
        ],
        [
          0.8870126008987427,
          0.8355928063392639,
          0.9365988373756409,
          0.8773630857467651,
          0.9999999403953552,
          0.9374337196350098
        ],
        [
          0.943436324596405,
          0.8569796681404114,
          0.9418219923973083,
          0.8966454267501831,
          0.9374337196350098,
          1.0000001192092896
        ]
      ]
    },
    {
      "sample_index": 1824,
      "font": "STSONG",
      "target_char": "毯",
      "style_chars": [
        "非",
        "匠",
        "剿",
        "圆",
        "赵",
        "蹭"
      ],
      "value_cosine_offdiag": {
        "mean": 0.9377768039703369,
        "median": 0.9377210736274719,
        "std": 0.02403237484395504,
        "min": 0.8967772126197815,
        "max": 0.9752300381660461,
        "q1": 0.914696455001831,
        "q3": 0.9595755934715271
      },
      "context_cosine_offdiag": {
        "mean": 0.9081116914749146,
        "median": 0.9053844213485718,
        "std": 0.020706335082650185,
        "min": 0.8717751502990723,
        "max": 0.96029132604599,
        "q1": 0.8963770270347595,
        "q3": 0.9190645217895508
      },
      "raw_style_token_cosine_offdiag": {
        "mean": 0.9598590731620789,
        "median": 0.9548619985580444,
        "std": 0.01674363575875759,
        "min": 0.9306703805923462,
        "max": 0.984580934047699,
        "q1": 0.9472616910934448,
        "q3": 0.9780340194702148
      },
      "same_position_mass": {
        "mean": 0.007297462318092585,
        "median": 0.006890179123729467,
        "std": 0.0011188791831955314,
        "min": 0.006278681568801403,
        "max": 0.009671330451965332,
        "q1": 0.006585691589862108,
        "q3": 0.0072453864850103855
      },
      "attention_entropy": {
        "mean": 4.15737771987915,
        "median": 4.158681392669678,
        "std": 0.04432017356157303,
        "min": 4.09811544418335,
        "max": 4.218780994415283,
        "q1": 4.116278171539307,
        "q3": 4.186975955963135
      },
      "value_cosine_matrix": [
        [
          1.0,
          0.9645611047744751,
          0.9128429889678955,
          0.9446362853050232,
          0.9108974933624268,
          0.9356293678283691
        ],
        [
          0.9645611047744751,
          1.0,
          0.9037830829620361,
          0.9605745077133179,
          0.8967773914337158,
          0.9377210736274719
        ],
        [
          0.9128429889678955,
          0.9037830829620361,
          1.0,
          0.95657879114151,
          0.9506062865257263,
          0.9675840139389038
        ],
        [
          0.9446362853050232,
          0.9605745077133179,
          0.95657879114151,
          1.0,
          0.9202567338943481,
          0.9752299189567566
        ],
        [
          0.9108974933624268,
          0.8967772126197815,
          0.950606107711792,
          0.9202567338943481,
          0.9999999403953552,
          0.9289717674255371
        ],
        [
          0.9356292486190796,
          0.9377211332321167,
          0.9675840139389038,
          0.9752300381660461,
          0.9289717674255371,
          1.0
        ]
      ],
      "context_cosine_matrix": [
        [
          1.0,
          0.9195684790611267,
          0.9034168720245361,
          0.9175527095794678,
          0.9050756692886353,
          0.9286057353019714
        ],
        [
          0.9195684790611267,
          0.9999998211860657,
          0.8871036767959595,
          0.9149295091629028,
          0.8798344731330872,
          0.9066958427429199
        ],
        [
          0.9034168720245361,
          0.8871036767959595,
          0.9999998807907104,
          0.9053844213485718,
          0.9047935009002686,
          0.9226176738739014
        ],
        [
          0.9175527095794678,
          0.9149295091629028,
          0.9053844213485718,
          1.0,
          0.8717751502990723,
          0.96029132604599
        ],
        [
          0.9050756692886353,
          0.8798344731330872,
          0.9047934412956238,
          0.8717752695083618,
          1.000000238418579,
          0.8940303921699524
        ],
        [
          0.9286056160926819,
          0.9066957831382751,
          0.9226177334785461,
          0.9602912664413452,
          0.8940303921699524,
          1.0
        ]
      ]
    },
    {
      "sample_index": 409,
      "font": "STFANGSO",
      "target_char": "蛤",
      "style_chars": [
        "鲫",
        "苛",
        "驱",
        "夕",
        "星",
        "涉"
      ],
      "value_cosine_offdiag": {
        "mean": 0.8923670649528503,
        "median": 0.9283198118209839,
        "std": 0.08076141029596329,
        "min": 0.7464205026626587,
        "max": 0.9774989485740662,
        "q1": 0.8012285232543945,
        "q3": 0.9511086940765381
      },
      "context_cosine_offdiag": {
        "mean": 0.9102930426597595,
        "median": 0.9289665222167969,
        "std": 0.03879523277282715,
        "min": 0.8307645320892334,
        "max": 0.959526777267456,
        "q1": 0.8679339289665222,
        "q3": 0.9358310699462891
      },
      "raw_style_token_cosine_offdiag": {
        "mean": 0.9393318295478821,
        "median": 0.9611375331878662,
        "std": 0.045853257179260254,
        "min": 0.8440037369728088,
        "max": 0.9901125431060791,
        "q1": 0.9052402973175049,
        "q3": 0.9705356359481812
      },
      "same_position_mass": {
        "mean": 0.007904475554823875,
        "median": 0.0073259263299405575,
        "std": 0.0009713357430882752,
        "min": 0.006329376250505447,
        "max": 0.008879071101546288,
        "q1": 0.0073221526108682156,
        "q3": 0.00879931915551424
      },
      "attention_entropy": {
        "mean": 4.128227710723877,
        "median": 4.114673137664795,
        "std": 0.06241797283291817,
        "min": 4.017515182495117,
        "max": 4.2205352783203125,
        "q1": 4.1052141189575195,
        "q3": 4.159538269042969
      },
      "value_cosine_matrix": [
        [
          0.9999999403953552,
          0.9403170347213745,
          0.9757558107376099,
          0.7669601440429688,
          0.923535168170929,
          0.9545873999595642
        ],
        [
          0.9403170347213745,
          1.0,
          0.9406726360321045,
          0.7758744359016418,
          0.9774988889694214,
          0.9391388893127441
        ],
        [
          0.9757558107376099,
          0.9406726360321045,
          0.9999998807907104,
          0.7464205026626587,
          0.9283198118209839,
          0.9550305604934692
        ],
        [
          0.7669601440429688,
          0.7758744359016418,
          0.7464205026626587,
          0.9999997615814209,
          0.7683489918708801,
          0.8772907257080078
        ],
        [
          0.923535168170929,
          0.9774989485740662,
          0.9283198118209839,
          0.7683489322662354,
          1.0000001192092896,
          0.9157549142837524
        ],
        [
          0.9545873999595642,
          0.9391387701034546,
          0.9550305604934692,
          0.8772907257080078,
          0.9157549142837524,
          1.0000001192092896
        ]
      ],
      "context_cosine_matrix": [
        [
          1.0000001192092896,
          0.9375571012496948,
          0.9338815212249756,
          0.8578813076019287,
          0.9152541756629944,
          0.9306130409240723
        ],
        [
          0.9375571012496948,
          1.0,
          0.9289665222167969,
          0.857681930065155,
          0.9363691806793213,
          0.959526777267456
        ],
        [
          0.9338815212249756,
          0.9289665222167969,
          1.0,
          0.8593403100967407,
          0.9537820219993591,
          0.9342167377471924
        ],
        [
          0.8578813076019287,
          0.857681930065155,
          0.8593403100967407,
          1.0,
          0.8307645320892334,
          0.8937147855758667
        ],
        [
          0.9152541756629944,
          0.9363692402839661,
          0.9537820816040039,
          0.8307645320892334,
          0.9999999403953552,
          0.9248465895652771
        ],
        [
          0.9306129813194275,
          0.959526777267456,
          0.9342168569564819,
          0.8937149047851562,
          0.9248465895652771,
          1.0
        ]
      ]
    },
    {
      "sample_index": 12149,
      "font": "方正字迹-童体毛笔字体",
      "target_char": "蟀",
      "style_chars": [
        "炫",
        "膏",
        "蛤",
        "巧",
        "铡",
        "芯"
      ],
      "value_cosine_offdiag": {
        "mean": 0.8395126461982727,
        "median": 0.8624534010887146,
        "std": 0.11521627753973007,
        "min": 0.5327976942062378,
        "max": 0.9540215730667114,
        "q1": 0.7683826088905334,
        "q3": 0.9330133199691772
      },
      "context_cosine_offdiag": {
        "mean": 0.8294380307197571,
        "median": 0.8406134247779846,
        "std": 0.0738823413848877,
        "min": 0.6318484544754028,
        "max": 0.9469001293182373,
        "q1": 0.7842852473258972,
        "q3": 0.8773016333580017
      },
      "raw_style_token_cosine_offdiag": {
        "mean": 0.9107809066772461,
        "median": 0.9505765438079834,
        "std": 0.08016304671764374,
        "min": 0.7170993685722351,
        "max": 0.9832954406738281,
        "q1": 0.8474836349487305,
        "q3": 0.9724366664886475
      },
      "same_position_mass": {
        "mean": 0.007641926873475313,
        "median": 0.007208402268588543,
        "std": 0.001326074474491179,
        "min": 0.00611531687900424,
        "max": 0.010127979330718517,
        "q1": 0.006811174564063549,
        "q3": 0.008182385936379433
      },
      "attention_entropy": {
        "mean": 4.444609642028809,
        "median": 4.451113700866699,
        "std": 0.06938190758228302,
        "min": 4.329938888549805,
        "max": 4.532445907592773,
        "q1": 4.401383399963379,
        "q3": 4.496868133544922
      },
      "value_cosine_matrix": [
        [
          1.0,
          0.8624534010887146,
          0.7492666840553284,
          0.9375454187393188,
          0.9434957504272461,
          0.9540215730667114
        ],
        [
          0.8624534010887146,
          0.9999998807907104,
          0.5327976942062378,
          0.9123046398162842,
          0.8257304430007935,
          0.8406973481178284
        ],
        [
          0.7492666840553284,
          0.5327976942062378,
          1.0,
          0.6968424320220947,
          0.8478303551673889,
          0.7180013656616211
        ],
        [
          0.9375454187393188,
          0.9123046398162842,
          0.6968424320220947,
          1.0000001192092896,
          0.9194170236587524,
          0.9457483887672424
        ],
        [
          0.9434956312179565,
          0.8257304430007935,
          0.8478304147720337,
          0.9194170236587524,
          1.0000001192092896,
          0.9065368175506592
        ],
        [
          0.9540215730667114,
          0.8406973481178284,
          0.7180013656616211,
          0.945748507976532,
          0.9065368175506592,
          1.000000238418579
        ]
      ],
      "context_cosine_matrix": [
        [
          0.9999998807907104,
          0.8226974010467529,
          0.7762744426727295,
          0.892696738243103,
          0.9469001293182373,
          0.8838678002357483
        ],
        [
          0.8226974010467529,
          1.000000238418579,
          0.6318484544754028,
          0.8406134247779846,
          0.8444748520851135,
          0.7593450546264648
        ],
        [
          0.7762744426727295,
          0.6318484544754028,
          1.0000001192092896,
          0.7736294865608215,
          0.8360227346420288,
          0.8083177804946899
        ],
        [
          0.892696738243103,
          0.8406134247779846,
          0.7736294865608215,
          0.9999999403953552,
          0.9264591336250305,
          0.8408191800117493
        ],
        [
          0.9469001293182373,
          0.8444749116897583,
          0.8360227942466736,
          0.9264592528343201,
          0.9999999403953552,
          0.857603132724762
        ],
        [
          0.8838678002357483,
          0.7593449354171753,
          0.8083177208900452,
          0.840819239616394,
          0.857603132724762,
          1.0
        ]
      ]
    },
    {
      "sample_index": 4506,
      "font": "方正三宝体 简_Xian",
      "target_char": "邮",
      "style_chars": [
        "更",
        "趾",
        "众",
        "包",
        "卢",
        "申"
      ],
      "value_cosine_offdiag": {
        "mean": 0.8897227048873901,
        "median": 0.9058082699775696,
        "std": 0.05571017786860466,
        "min": 0.8007330298423767,
        "max": 0.965591549873352,
        "q1": 0.8337514400482178,
        "q3": 0.9402212500572205
      },
      "context_cosine_offdiag": {
        "mean": 0.836506724357605,
        "median": 0.8776994943618774,
        "std": 0.0886753648519516,
        "min": 0.6818171739578247,
        "max": 0.9286403059959412,
        "q1": 0.7263855338096619,
        "q3": 0.9098297953605652
      },
      "raw_style_token_cosine_offdiag": {
        "mean": 0.9443289041519165,
        "median": 0.9455414414405823,
        "std": 0.028887460008263588,
        "min": 0.9031075835227966,
        "max": 0.9884653091430664,
        "q1": 0.9163877964019775,
        "q3": 0.9699670672416687
      },
      "same_position_mass": {
        "mean": 0.006900377571582794,
        "median": 0.006370169576257467,
        "std": 0.0012522466713562608,
        "min": 0.005401868373155594,
        "max": 0.00941493734717369,
        "q1": 0.006267801858484745,
        "q3": 0.007101612631231546
      },
      "attention_entropy": {
        "mean": 4.090513229370117,
        "median": 4.030200958251953,
        "std": 0.10154706984758377,
        "min": 4.012633323669434,
        "max": 4.295187950134277,
        "q1": 4.020674705505371,
        "q3": 4.118587493896484
      },
      "value_cosine_matrix": [
        [
          1.0000001192092896,
          0.8959016799926758,
          0.8252968192100525,
          0.965591549873352,
          0.9094927310943604,
          0.943702220916748
        ],
        [
          0.8959016799926758,
          0.9999997615814209,
          0.8375269174575806,
          0.9058082699775696,
          0.8324928879737854,
          0.9145667552947998
        ],
        [
          0.8252968192100525,
          0.8375269174575806,
          0.9999999403953552,
          0.8007330298423767,
          0.8255490064620972,
          0.8378533124923706
        ],
        [
          0.965591549873352,
          0.9058082699775696,
          0.8007330298423767,
          1.0000001192092896,
          0.9297783970832825,
          0.9603302478790283
        ],
        [
          0.9094927310943604,
          0.8324929475784302,
          0.8255490064620972,
          0.9297783374786377,
          0.9999999403953552,
          0.9612166881561279
        ],
        [
          0.943702220916748,
          0.9145668745040894,
          0.8378533124923706,
          0.9603303670883179,
          0.9612166881561279,
          1.0000001192092896
        ]
      ],
      "context_cosine_matrix": [
        [
          0.9999998807907104,
          0.864661693572998,
          0.7290382385253906,
          0.910955011844635,
          0.902363121509552,
          0.9073935151100159
        ],
        [
          0.864661693572998,
          1.0000001192092896,
          0.7239707708358765,
          0.8776994943618774,
          0.8600058555603027,
          0.8855562806129456
        ],
        [
          0.7290382385253906,
          0.7239707708358765,
          1.0,
          0.725501298904419,
          0.7134202718734741,
          0.6818171739578247
        ],
        [
          0.910955011844635,
          0.8776994943618774,
          0.725501298904419,
          1.0,
          0.9286403059959412,
          0.9259375333786011
        ],
        [
          0.9023630619049072,
          0.8600058555603027,
          0.7134201526641846,
          0.9286403059959412,
          1.0,
          0.9106419086456299
        ],
        [
          0.9073935151100159,
          0.8855562210083008,
          0.6818171739578247,
          0.9259374141693115,
          0.9106419086456299,
          1.0
        ]
      ]
    },
    {
      "sample_index": 4012,
      "font": "方正三宝体 简_Xian",
      "target_char": "窜",
      "style_chars": [
        "挥",
        "氏",
        "说",
        "俱",
        "二",
        "呈"
      ],
      "value_cosine_offdiag": {
        "mean": 0.8289312124252319,
        "median": 0.928102970123291,
        "std": 0.1544552892446518,
        "min": 0.5553940534591675,
        "max": 0.9803471565246582,
        "q1": 0.6703402400016785,
        "q3": 0.9434827566146851
      },
      "context_cosine_offdiag": {
        "mean": 0.7438703179359436,
        "median": 0.8598549365997314,
        "std": 0.20872032642364502,
        "min": 0.39098620414733887,
        "max": 0.9412394762039185,
        "q1": 0.5069126486778259,
        "q3": 0.8987419605255127
      },
      "raw_style_token_cosine_offdiag": {
        "mean": 0.9104211926460266,
        "median": 0.9593287110328674,
        "std": 0.08086637407541275,
        "min": 0.7748674154281616,
        "max": 0.9910077452659607,
        "q1": 0.828244686126709,
        "q3": 0.971126139163971
      },
      "same_position_mass": {
        "mean": 0.006737245712429285,
        "median": 0.006648852489888668,
        "std": 0.00031559914350509644,
        "min": 0.0063604568131268024,
        "max": 0.00722535140812397,
        "q1": 0.006461103446781635,
        "q3": 0.006970135495066643
      },
      "attention_entropy": {
        "mean": 4.243076801300049,
        "median": 4.198570728302002,
        "std": 0.11364537477493286,
        "min": 4.147333145141602,
        "max": 4.487744331359863,
        "q1": 4.175365924835205,
        "q3": 4.235393524169922
      },
      "value_cosine_matrix": [
        [
          0.9999997615814209,
          0.9418388605117798,
          0.9364883899688721,
          0.9612629413604736,
          0.5938099026679993,
          0.946329653263092
        ],
        [
          0.9418388605117798,
          1.0,
          0.928102970123291,
          0.94403076171875,
          0.6994892358779907,
          0.9291197061538696
        ],
        [
          0.9364883899688721,
          0.928102970123291,
          1.0,
          0.9803471565246582,
          0.5553940534591675,
          0.8765642046928406
        ],
        [
          0.9612629413604736,
          0.94403076171875,
          0.9803471565246582,
          0.9999999403953552,
          0.5774716138839722,
          0.9030951857566833
        ],
        [
          0.5938099026679993,
          0.6994893550872803,
          0.5553940534591675,
          0.5774715542793274,
          0.9999997615814209,
          0.6606239080429077
        ],
        [
          0.9463298320770264,
          0.9291197061538696,
          0.8765642642974854,
          0.9030952453613281,
          0.6606239080429077,
          1.0000001192092896
        ]
      ],
      "context_cosine_matrix": [
        [
          1.0,
          0.8598549365997314,
          0.9160664677619934,
          0.9166902303695679,
          0.39098620414733887,
          0.8779615163803101
        ],
        [
          0.8598549365997314,
          1.0,
          0.8878204226493835,
          0.8951033353805542,
          0.5479255318641663,
          0.8358861207962036
        ],
        [
          0.9160664677619934,
          0.8878204226493835,
          1.0,
          0.9412394762039185,
          0.4091748595237732,
          0.8540937900543213
        ],
        [
          0.9166902303695679,
          0.8951033353805542,
          0.9412394762039185,
          1.0,
          0.4320563077926636,
          0.8999548554420471
        ],
        [
          0.39098620414733887,
          0.5479255318641663,
          0.4091748595237732,
          0.4320562481880188,
          0.9999998211860657,
          0.49324166774749756
        ],
        [
          0.8779616355895996,
          0.8358861207962036,
          0.8540937900543213,
          0.8999547958374023,
          0.49324166774749756,
          1.0
        ]
      ]
    },
    {
      "sample_index": 3657,
      "font": "方正FW童趣POP体 简",
      "target_char": "鬓",
      "style_chars": [
        "棠",
        "妒",
        "灭",
        "俱",
        "渗",
        "驱"
      ],
      "value_cosine_offdiag": {
        "mean": 0.8517077565193176,
        "median": 0.8530226945877075,
        "std": 0.03900391235947609,
        "min": 0.7602485418319702,
        "max": 0.9350565671920776,
        "q1": 0.829861044883728,
        "q3": 0.874866247177124
      },
      "context_cosine_offdiag": {
        "mean": 0.7524493336677551,
        "median": 0.7772782444953918,
        "std": 0.058080486953258514,
        "min": 0.6610729694366455,
        "max": 0.8435308933258057,
        "q1": 0.6939627528190613,
        "q3": 0.7886456847190857
      },
      "raw_style_token_cosine_offdiag": {
        "mean": 0.9317036867141724,
        "median": 0.9361018538475037,
        "std": 0.02090447209775448,
        "min": 0.8832013607025146,
        "max": 0.9658611416816711,
        "q1": 0.9163686037063599,
        "q3": 0.9445335865020752
      },
      "same_position_mass": {
        "mean": 0.005935860797762871,
        "median": 0.0057768309488892555,
        "std": 0.0006690259906463325,
        "min": 0.0051687187515199184,
        "max": 0.007028725929558277,
        "q1": 0.005341220647096634,
        "q3": 0.006366400048136711
      },
      "attention_entropy": {
        "mean": 4.5036301612854,
        "median": 4.518745422363281,
        "std": 0.06515173614025116,
        "min": 4.400961875915527,
        "max": 4.5735931396484375,
        "q1": 4.4545183181762695,
        "q3": 4.558579921722412
      },
      "value_cosine_matrix": [
        [
          0.9999999403953552,
          0.8767456412315369,
          0.8692280054092407,
          0.9350565671920776,
          0.9031996726989746,
          0.8643661737442017
        ],
        [
          0.8767456412315369,
          0.9999998807907104,
          0.83073890209198,
          0.8772366046905518,
          0.8530226945877075,
          0.8375244140625
        ],
        [
          0.8692280054092407,
          0.83073890209198,
          1.000000238418579,
          0.822843074798584,
          0.8190793991088867,
          0.7602486610412598
        ],
        [
          0.9350565671920776,
          0.8772366046905518,
          0.822843074798584,
          0.9999999403953552,
          0.8295682668685913,
          0.8537586331367493
        ],
        [
          0.9031995534896851,
          0.8530226945877075,
          0.8190793395042419,
          0.8295683860778809,
          0.9999999403953552,
          0.8430001735687256
        ],
        [
          0.8643662929534912,
          0.8375244736671448,
          0.7602485418319702,
          0.8537585735321045,
          0.8430001735687256,
          0.9999999403953552
        ]
      ],
      "context_cosine_matrix": [
        [
          1.0,
          0.6626638174057007,
          0.7026238441467285,
          0.7875155210494995,
          0.8435308933258057,
          0.7772782444953918
        ],
        [
          0.6626638174057007,
          0.9999998807907104,
          0.6610729694366455,
          0.7495776414871216,
          0.6904049515724182,
          0.6910757422447205
        ],
        [
          0.7026238441467285,
          0.6610729694366455,
          1.0,
          0.7890223860740662,
          0.7216951251029968,
          0.7801616787910461
        ],
        [
          0.7875155210494995,
          0.7495776414871216,
          0.7890223860740662,
          0.9999998807907104,
          0.8146655559539795,
          0.8290196657180786
        ],
        [
          0.8435308337211609,
          0.690405011177063,
          0.721695065498352,
          0.8146655559539795,
          1.0,
          0.7864316701889038
        ],
        [
          0.7772783041000366,
          0.6910757422447205,
          0.7801616787910461,
          0.8290196657180786,
          0.7864316701889038,
          1.0000001192092896
        ]
      ]
    },
    {
      "sample_index": 2286,
      "font": "STXIHEI",
      "target_char": "饿",
      "style_chars": [
        "趾",
        "默",
        "固",
        "洲",
        "垒",
        "亮"
      ],
      "value_cosine_offdiag": {
        "mean": 0.8925857543945312,
        "median": 0.9082393646240234,
        "std": 0.03918832540512085,
        "min": 0.7963125705718994,
        "max": 0.935750424861908,
        "q1": 0.8595708012580872,
        "q3": 0.9272693991661072
      },
      "context_cosine_offdiag": {
        "mean": 0.889309287071228,
        "median": 0.8896280527114868,
        "std": 0.027496492490172386,
        "min": 0.8373008966445923,
        "max": 0.9347999095916748,
        "q1": 0.866135835647583,
        "q3": 0.9113172292709351
      },
      "raw_style_token_cosine_offdiag": {
        "mean": 0.9242059588432312,
        "median": 0.9337165355682373,
        "std": 0.028183799237012863,
        "min": 0.8561630249023438,
        "max": 0.9630559086799622,
        "q1": 0.901593029499054,
        "q3": 0.9474908113479614
      },
      "same_position_mass": {
        "mean": 0.0071865529753267765,
        "median": 0.006393233314156532,
        "std": 0.0014059316599741578,
        "min": 0.005830878857523203,
        "max": 0.009734602645039558,
        "q1": 0.005994589067995548,
        "q3": 0.007948683574795723
      },
      "attention_entropy": {
        "mean": 4.173431873321533,
        "median": 4.159119606018066,
        "std": 0.05694606155157089,
        "min": 4.098586082458496,
        "max": 4.25777006149292,
        "q1": 4.122305393218994,
        "q3": 4.21243143081665
      },
      "value_cosine_matrix": [
        [
          0.9999999403953552,
          0.935750424861908,
          0.9312784671783447,
          0.9122250080108643,
          0.9082393646240234,
          0.8969731330871582
        ],
        [
          0.935750424861908,
          1.0,
          0.8904566168785095,
          0.9172767400741577,
          0.933986485004425,
          0.87557452917099
        ],
        [
          0.9312784671783447,
          0.8904566168785095,
          1.0,
          0.8534573316574097,
          0.8542362451553345,
          0.9306004047393799
        ],
        [
          0.9122250080108643,
          0.9172767400741577,
          0.8534573316574097,
          1.0,
          0.8433741927146912,
          0.7963125705718994
        ],
        [
          0.9082393646240234,
          0.9339864253997803,
          0.8542362451553345,
          0.8433741927146912,
          0.9999999403953552,
          0.9090440273284912
        ],
        [
          0.896973192691803,
          0.8755744695663452,
          0.9306002855300903,
          0.796312689781189,
          0.9090440273284912,
          1.0
        ]
      ],
      "context_cosine_matrix": [
        [
          0.9999998807907104,
          0.8936259150505066,
          0.873471200466156,
          0.8754612803459167,
          0.9117079377174377,
          0.8583191633224487
        ],
        [
          0.8936259150505066,
          1.0,
          0.9101453423500061,
          0.8896280527114868,
          0.9267445206642151,
          0.9235946536064148
        ],
        [
          0.873471200466156,
          0.9101453423500061,
          0.9999998807907104,
          0.8636906743049622,
          0.8793114423751831,
          0.9347999095916748
        ],
        [
          0.8754612803459167,
          0.8896280527114868,
          0.8636906743049622,
          1.0000001192092896,
          0.8373008966445923,
          0.8617479801177979
        ],
        [
          0.9117078185081482,
          0.9267445802688599,
          0.8793115019798279,
          0.8373008966445923,
          1.0,
          0.9000904560089111
        ],
        [
          0.8583191633224487,
          0.9235946536064148,
          0.93479984998703,
          0.8617478609085083,
          0.9000904560089111,
          1.0
        ]
      ]
    },
    {
      "sample_index": 12066,
      "font": "方正字迹-童体毛笔字体",
      "target_char": "啊",
      "style_chars": [
        "人",
        "捶",
        "泻",
        "恤",
        "宁",
        "弧"
      ],
      "value_cosine_offdiag": {
        "mean": 0.840561032295227,
        "median": 0.8519008755683899,
        "std": 0.08221554011106491,
        "min": 0.6363687515258789,
        "max": 0.9629421830177307,
        "q1": 0.7932230234146118,
        "q3": 0.9011622667312622
      },
      "context_cosine_offdiag": {
        "mean": 0.7492081522941589,
        "median": 0.7666661739349365,
        "std": 0.06910062581300735,
        "min": 0.5827429294586182,
        "max": 0.8519381880760193,
        "q1": 0.7299076318740845,
        "q3": 0.782343864440918
      },
      "raw_style_token_cosine_offdiag": {
        "mean": 0.9252566695213318,
        "median": 0.9261075258255005,
        "std": 0.03937841206789017,
        "min": 0.8306747078895569,
        "max": 0.9888842701911926,
        "q1": 0.9035637974739075,
        "q3": 0.9545472860336304
      },
      "same_position_mass": {
        "mean": 0.006902061868458986,
        "median": 0.006503448821604252,
        "std": 0.00098842428997159,
        "min": 0.0058913882821798325,
        "max": 0.008990387432277203,
        "q1": 0.0063827503472566605,
        "q3": 0.006847421173006296
      },
      "attention_entropy": {
        "mean": 4.48950719833374,
        "median": 4.465752124786377,
        "std": 0.06166142597794533,
        "min": 4.423662185668945,
        "max": 4.609382629394531,
        "q1": 4.442205429077148,
        "q3": 4.506842136383057
      },
      "value_cosine_matrix": [
        [
          0.9999998211860657,
          0.6363687515258789,
          0.784771203994751,
          0.9043435454368591,
          0.9629421234130859,
          0.801742672920227
        ],
        [
          0.6363687515258789,
          0.9999998807907104,
          0.8916184902191162,
          0.7903831005096436,
          0.7139139175415039,
          0.8519008755683899
        ],
        [
          0.784771203994751,
          0.8916184902191162,
          0.9999997615814209,
          0.8865231871604919,
          0.8468793630599976,
          0.8892259001731873
        ],
        [
          0.9043435454368591,
          0.7903831005096436,
          0.8865231871604919,
          1.0,
          0.9092971086502075,
          0.9131113290786743
        ],
        [
          0.9629421830177307,
          0.7139139175415039,
          0.8468794822692871,
          0.9092970490455627,
          1.0,
          0.8253939151763916
        ],
        [
          0.801742672920227,
          0.8519009351730347,
          0.8892259001731873,
          0.9131113886833191,
          0.8253939151763916,
          0.9999999403953552
        ]
      ],
      "context_cosine_matrix": [
        [
          1.0,
          0.6105594038963318,
          0.5827429294586182,
          0.785751461982727,
          0.7287036180496216,
          0.7212488651275635
        ],
        [
          0.6105594038963318,
          0.9999997615814209,
          0.8519381880760193,
          0.7335196733474731,
          0.7801649570465088,
          0.7809170484542847
        ],
        [
          0.5827429294586182,
          0.8519381880760193,
          1.0,
          0.7454136610031128,
          0.7666661739349365,
          0.7731754779815674
        ],
        [
          0.785751461982727,
          0.7335196733474731,
          0.7454136610031128,
          0.9999999403953552,
          0.7601771354675293,
          0.8343240022659302
        ],
        [
          0.7287036180496216,
          0.7801649570465088,
          0.7666661739349365,
          0.7601770758628845,
          0.9999997615814209,
          0.7828195095062256
        ],
        [
          0.7212488651275635,
          0.7809170484542847,
          0.7731754779815674,
          0.8343240022659302,
          0.7828195095062256,
          1.0
        ]
      ]
    },
    {
      "sample_index": 1679,
      "font": "STSONG",
      "target_char": "鹊",
      "style_chars": [
        "伤",
        "壮",
        "趟",
        "沿",
        "草",
        "欢"
      ],
      "value_cosine_offdiag": {
        "mean": 0.9137758612632751,
        "median": 0.9192018508911133,
        "std": 0.043031658977270126,
        "min": 0.8304710984230042,
        "max": 0.9703625440597534,
        "q1": 0.8836248517036438,
        "q3": 0.9476779699325562
      },
      "context_cosine_offdiag": {
        "mean": 0.9382064938545227,
        "median": 0.9309666156768799,
        "std": 0.01680564321577549,
        "min": 0.9129304885864258,
